FT	ID	AT	WT	ST
5	2	2	0	2
5	4	2	0	2
5	5	2	0	2
5	6	2	0	2
5	7	2	0	2
6	3	2	0	2
6	1	2	0	2
8	8	2	3	5
8	9	2	3	5
8	10	2	3	5
8	11	4	1	5
15	14	7	1	8
16	15	7	0	7
17	13	7	1	8
19	16	8	5	13
20	24	8	5	13
21	17	8	7	15
21	18	8	8	16
22	21	8	9	17
22	19	8	8	16
27	26	8	13	21
27	22	8	11	19
27	25	8	13	21
28	23	8	12	20
35	28	14	17	31
36	12	5	1	6
37	29	14	18	32
40	30	14	21	35
43	31	14	23	37
44	32	14	24	38
45	33	14	26	40
50	34	14	31	45
53	35	14	33	47
55	36	14	36	50
Orders: 34	[Norm:2, Veg:11, VIP:21]
cooks: 7	[Norm:1, Veg:4, VIP:2, injured:13]
Avg Wait = 9.79412,	Avg Serv = 17.3235
Urgent Orders: 10, 	Auto Promoted: 81.8182%
