FT	ID	AT	WT	ST
5	2	2	0	2
5	4	2	0	2
5	5	2	0	2
5	6	2	0	2
5	7	2	0	2
6	3	2	0	2
6	1	2	0	2
8	9	2	3	5
8	10	2	3	5
8	11	4	1	5
9	8	2	3	5
14	15	7	0	7
15	14	7	1	8
19	24	8	5	13
21	17	8	8	16
22	18	8	8	16
22	19	8	8	16
22	16	8	8	16
22	13	7	5	12
26	22	8	13	21
27	26	8	14	22
27	21	8	11	19
28	23	8	14	22
28	25	8	14	22
34	28	14	14	28
34	29	14	14	28
36	12	5	1	6
37	30	14	18	32
44	32	14	23	37
46	31	14	23	37
49	33	14	30	44
49	34	14	30	44
54	36	14	35	49
58	35	14	35	49
Orders: 34	[Norm:1, Veg:11, VIP:22]
cooks: 7	[Norm:1, Veg:4, VIP:2, injured:13]
Avg Wait = 10.0588,	Avg Serv = 17.5882
Urgent Orders: 12, 	Auto Promoted: 90.9091%
